.Random.seed <-
c(403L, 10L, 999366694L, -95558480L, -187505325L, -168943503L, 
-1843798624L, -893103810L, 1254645833L, -1193491205L, 1818864842L, 
672297516L, -263182801L, -191568155L, -1367823460L, -1841947150L, 
-2071902099L, -1320205913L, -1746611250L, 1529059624L, -942920917L, 
-1470248631L, -2059657640L, 1311969030L, -1950950687L, -1419997581L, 
1159091938L, 1753795156L, -1047653545L, 182687565L, 1417063140L, 
2043556554L, 1282231093L, 1510490511L, -23972202L, 1883100736L, 
1858957059L, 237119265L, 412119056L, 1386932206L, 1646626713L, 
-1835638741L, 23524634L, -912410660L, 389159391L, -805913163L, 
1231227724L, -2128615006L, 1773250813L, 1222637047L, -1472392418L, 
-710701608L, -1611973L, -1794879271L, -2038301592L, 1475821974L, 
-964394735L, -1972096317L, 1712573138L, 1497086820L, 1249521319L, 
1300830205L, 303452660L, 308731610L, -270065627L, 1213836607L, 
376382150L, -1289351344L, 200347507L, -1170206319L, -1765129280L, 
1702421918L, -1094215831L, -2022337637L, -2023122262L, -428247860L, 
-1512370801L, -383063611L, 1790020988L, -1702693422L, 211325261L, 
1603081223L, -1213864978L, 297331400L, 1285604811L, -1654595543L, 
-765802888L, -390921306L, -1371814463L, -1912438189L, -1141683966L, 
-1046478796L, 901200311L, -1628230227L, 810936004L, 1138756330L, 
-818123435L, -2047171857L, -1708965642L, -536403936L, -202563101L, 
-455105919L, 115395824L, -2060582002L, -1489486599L, -984119669L, 
526694074L, -1131693636L, -1499108609L, -1713926571L, -1639245460L, 
-288093758L, 596943389L, 1974401687L, -830024706L, 1119104952L, 
-1986788453L, 161352185L, -1287136952L, 1694213238L, -703729231L, 
277913571L, 182271154L, -31207164L, -446358969L, 2073025821L, 
1042295700L, 1298620218L, 1216398213L, 377354335L, 1693928166L, 
977039728L, 1106025107L, -2138913999L, -647192096L, 164959870L, 
-606397175L, -1694404805L, -2024790262L, -811149588L, 1265877871L, 
1521153189L, -1563744676L, 1246146098L, -988459731L, -1842906137L, 
-1314850034L, 1435286760L, 1179997931L, 1401501577L, 618660632L, 
-1625156026L, -1187838303L, -548681421L, -1609455454L, -84416620L, 
-1321449961L, 1227354637L, 805701412L, 859423498L, -946729355L, 
-1509036593L, 273618646L, -1308484992L, 1833288899L, -1682103711L, 
504773328L, -1619387346L, -1612434983L, -962810389L, 1424894042L, 
-1747850724L, -397112545L, 303169397L, -264100340L, -647299102L, 
-1908063043L, 1078149943L, -2061767714L, -1911117544L, 1960860795L, 
-132300263L, -679239000L, 465340502L, 721355985L, 1262616707L, 
863081234L, 1456670372L, 753185383L, -245191747L, -108067532L, 
-1607237990L, 1368214757L, 544599679L, 726300678L, -763970672L, 
-2095331789L, 5264849L, 197207936L, 1129054L, 812376489L, -424488869L, 
-1814230934L, 2128324876L, -522788017L, 1325023237L, 2041061052L, 
-1985792110L, 1037165709L, 1368146631L, 2000368558L, 560295432L, 
287490571L, -1604644119L, 128130488L, 933288550L, 679978753L, 
1147900307L, -543282622L, -138363404L, -1970665481L, -2017362963L, 
-1914317692L, -127219030L, -1514528747L, -473708369L, 1019037366L, 
1119786208L, 2015836195L, -417887040L, -63381188L, 257153168L, 
-2071801310L, 1171140104L, -2006333172L, -1641039204L, -1007143406L, 
-1699461760L, 1424533012L, 1283612200L, -2119518918L, 1450862544L, 
-394616212L, 155684660L, -308196718L, 1116326240L, 1520523596L, 
119128032L, -56449118L, 1680633768L, 551719820L, 770258620L, 
-1367950478L, -530540304L, 872525892L, 1474243928L, 1865147450L, 
-274293904L, 519433276L, -1050676460L, 937746882L, 225951968L, 
1132226428L, -451729712L, 938849954L, -736170968L, 1795936524L, 
-135701572L, -1923605198L, -1448921152L, -1949720012L, -1235158072L, 
-962181958L, -605581424L, -1863139860L, -870621100L, 1316032146L, 
1232982816L, -1522739764L, 969497568L, -1476752702L, 2127186472L, 
123119276L, 772942524L, -1811449358L, -1219573456L, 549690532L, 
-1106376008L, 412644186L, -1364200048L, 334512508L, 1034999060L, 
1067397442L, -753059072L, -2100347972L, -1767709872L, -2019632862L, 
1804090696L, 264357900L, 1826930780L, -1817211694L, 1005316096L, 
-1207280812L, 401369576L, -1651908614L, -1794400560L, -397429460L, 
-835202828L, 1101535122L, 650787936L, 997469452L, -1504928032L, 
-2027930270L, 1697346216L, -929068468L, 1738942332L, -517539022L, 
1899751024L, -1283281596L, -88335400L, -15941510L, -1887357392L, 
1818669756L, 1218914132L, -1092545982L, 1861858208L, -1034899268L, 
1777805776L, -963562142L, -1855890456L, -2020638772L, 1959876348L, 
-863739918L, -1136309120L, -900753164L, 229282952L, -464091846L, 
1578787664L, -909341588L, -1450774380L, 2045958482L, 1624295136L, 
1212358860L, 1938354336L, 722432386L, 1616498920L, 300294380L, 
1140604988L, 425271410L, -2029238160L, -1151935964L, 654778936L, 
1584386586L, -484509488L, 1264547388L, -274967404L, 1971987586L, 
-42995776L, 1615115580L, -1071831408L, -1318044638L, 1442392072L, 
1305687180L, 695330844L, -280574830L, 849190016L, -384549868L, 
-1403538648L, 1251773498L, 1134443728L, 79531116L, 1042986676L, 
-1840832494L, 627204064L, 2005308364L, -1427278368L, 1513462818L, 
-1315924696L, -1576877812L, 364813884L, -1717250830L, 916961520L, 
-1867733180L, 639205464L, 383400506L, -527062800L, 66007740L, 
1719759380L, -1033188158L, -854096288L, -734341764L, -1169740592L, 
-2044011486L, -1342338904L, -655802996L, 767928764L, -916637646L, 
-2053334208L, -394631500L, 1315967304L, 756974266L, 802215696L, 
-104077076L, 1903482964L, 1870589714L, 1045881248L, -1192980532L, 
-547539104L, -1953286974L, 896687656L, 543033772L, -989695172L, 
1315083122L, -51144912L, 1536313380L, -920363464L, -2067287334L, 
274802576L, -1866699524L, -1335683692L, 1409323842L, -991122944L, 
-705361860L, 844229200L, 2086256802L, -142666936L, 2078622220L, 
-1940794660L, -1149286318L, 749833344L, 935440212L, 459268072L, 
211966714L, -733266096L, -510307284L, -1098526348L, 93083282L, 
-144827808L, 671062156L, -1760925344L, -1987458846L, -1839364952L, 
1018060492L, -1383478788L, 1820439474L, 1338809328L, -1487697468L, 
1614122328L, -1243383430L, 1964628400L, -454671940L, 1979969108L, 
-1309853246L, -957142240L, 1962671036L, -894283696L, -1392228253L, 
1917054052L, 1787166610L, 250623079L, 540646449L, 2097079670L, 
-565845356L, 1230528677L, -1561848401L, -271741336L, 1264932422L, 
1333744627L, 969536341L, 347061554L, 179769600L, 155363817L, 
1591483483L, -1570548052L, 491348154L, 1759410799L, 2029758457L, 
-1348295026L, 1633011548L, 1242045389L, -1499456713L, -1616338496L, 
1982101150L, -1550524565L, -298195219L, -464989350L, -516558824L, 
-185311871L, 670386995L, -318604972L, -84472990L, -1555978249L, 
-1579874239L, -1588896570L, -287188476L, 1749980597L, -1932842337L, 
1241336568L, -2118123818L, 1247374179L, -763124955L, 1103884482L, 
-607879760L, -949338663L, 1772010315L, 1994877372L, 379374058L, 
1862815263L, 1874840745L, -1490267074L, 2117643564L, 1871648637L, 
-41790009L, -553512784L, -100036914L, -509225989L, -495135651L, 
-714175606L, 1416477608L, -1791313647L, -180563965L, 1994183428L, 
-865571022L, 388173191L, 190714833L, -1934398122L, 277103412L, 
167427653L, 1210870415L, 1005659144L, 296103974L, 1835413715L, 
-82427339L, 1044480402L, -278551200L, -1942745911L, 361607163L, 
-1541959732L, -1014758822L, 1350336335L, 409218585L, 761531438L, 
2028065340L, 293466029L, 178890839L, 449678752L, -1587470594L, 
1751285195L, -1940591667L, -1175740678L, 1680643384L, 1370554081L, 
1162105235L, 384154036L, 885156546L, 1152981719L, -775697631L, 
1255598822L, 2098138084L, 1533946645L, -1887227073L, 1500042968L, 
452956918L, 2075569411L, 1861666373L, 104037986L, -1666165296L, 
-393174279L, 1436454955L, -1851433060L, 484249546L, -147314497L, 
2091424265L, -267783394L, 930970316L, -700714339L, -1152262361L, 
212267344L, 1067515886L, -1511923557L, -1616033027L, -62311958L, 
-1745053048L, -224728015L, -1387422045L, -436873564L, -1009944750L, 
1539497639L, 1631855345L, -885855690L, 2141185748L, 1952942693L, 
690784367L, 265317032L, -914573306L, -308054733L, 692238741L, 
-1760229902L, 542972480L, 1843295145L, 1268903451L, -1170970644L, 
